0 0.711877 0.493631 0.014987 0.023417
1 0.599475 0.341420 0.073061 0.091795
2 0.665511 0.550300 0.029037 0.142375
2 0.555451 0.546085 0.029974 0.147059
2 0.533439 0.531566 0.023417 0.138629
2 0.518921 0.525009 0.026227 0.127389
2 0.491757 0.531566 0.018734 0.134882
2 0.455227 0.523136 0.020607 0.131135
2 0.416823 0.498782 0.022480 0.101161
2 0.330180 0.499251 0.021544 0.103972
2 0.282409 0.502997 0.021544 0.130199
2 0.251499 0.495972 0.027164 0.099288
2 0.168602 0.521731 0.029974 0.137692
2 0.110060 0.508617 0.032784 0.143312