2 0.335025 0.506540 0.024983 0.080713
0 0.331299 0.509996 0.010616 0.016808
1 0.902778 0.370665 0.044232 0.084926
1 0.081387 0.398974 0.039809 0.081387
2 0.332626 0.515747 0.032732 0.090234
2 0.295913 0.520612 0.031847 0.098195
2 0.240180 0.548478 0.023001 0.097311
2 0.220276 0.547594 0.022116 0.106157
2 0.205679 0.472841 0.019462 0.078733
2 0.181352 0.500708 0.018577 0.088464
2 0.124735 0.682944 0.029193 0.159236
2 0.118100 0.612615 0.026539 0.122965
2 0.081387 0.614827 0.023885 0.118542
2 0.055732 0.640039 0.036270 0.131812